BasePose:
    Marker_Left:
       x: 2353.30297852
       y: -736.121826172
       z: 759.391784668
    Marker_Right:
       x: 2245.35351562
       y: -757.520080566
       z: 758.713378906
    Marker_Fore:
       x: 2302.70678711
       y: -858.33215332
       z: 788.849182129
    Marker_Chin:
       x: 2285.92797852
       y: -677.722595215
       z: 773.871520996