BasePose:
    Marker_Fore:
       x: 8.22181129456
       y: -735.928527832
       z: 261.825561523
    Marker_Left:
       x: 75.9278945923
       y: -623.622009277
       z: 225.049331665
    Marker_Right:
       x: -35.7075538635
       y: -626.865966797
       z: 230.591751099
    Marker_Chin:
       x: 19.7771053314
       y: -555.723022461
       z: 243.739318848
Utils:
  save: false
  print: false
