BasePose:
    Marker_Left:
        x: 2378.32397461
        y: -747.560668945
        z: 752.477111816
    Marker_Right:
        x: 2265.43408203
        y: -746.187927246
        z: 788.655700684
    Marker_Fore:
        x: 2307.23266602
        y: -858.22052002
        z: 764.349487305
    Marker_Chin:
        x: 2323.71289062
        y: -677.724487305
        z: 773.003479004